0.000000 -0.100000
0.100000 0.169833
0.200000 0.258669
0.300000 1.035520
0.400000 0.349418
0.500000 0.449426
0.600000 0.464642
0.700000 0.564218
0.800000 0.677356
0.900000 0.703327
1.000000 0.781471
1.100000 0.961207
1.200000 0.842039
1.300000 0.883558
1.400000 0.925450
1.500000 0.987495
1.600000 0.989574
1.700000 1.001665
1.800000 1.063848
1.900000 0.936300
2.000000 0.839297
2.100000 0.773209
2.200000 0.738496
2.300000 0.705705
2.400000 0.695463
2.500000 0.628472
2.600000 0.545501
2.700000 0.367380
2.800000 0.404988
2.900000 0.319249
3.000000 0.191120
3.100000 -0.038419
3.200000 0.001626
3.300000 -0.127746
3.400000 -0.355541
3.500000 -0.390783
3.600000 -0.422520
3.700000 -0.549836
3.800000 -0.561858
3.900000 -0.637766
4.000000 -0.816802
4.100000 -0.808277
4.200000 -0.851576
4.300000 -0.996166
4.400000 -1.001602
4.500000 -0.927530
4.600000 -1.003691
4.700000 -0.999923
4.800000 -1.706165
4.900000 -0.992453
5.000000 -0.878924
5.100000 -0.865815
5.200000 -0.863455
5.300000 -0.802267
5.400000 -0.812764
5.500000 -0.655540
5.600000 -0.561267
5.700000 -0.530686
5.800000 -0.434602
5.900000 -0.383877
6.000000 -0.319415
6.100000 -0.232163
6.200000 -0.023089
6.300000 -0.043186
6.400000 0.206549
6.500000 0.125120
6.600000 0.401541
6.700000 0.324850
6.800000 0.414113
6.900000 0.508440
7.000000 0.616987
7.100000 0.728969
7.200000 0.793668
7.300000 0.880437
7.400000 0.908708
7.500000 0.878000
7.600000 0.897920
7.700000 0.978168
7.800000 0.918543
7.900000 1.788941
8.000000 0.959358
8.100000 0.949890
8.200000 0.970731
8.300000 0.922172
8.400000 0.864599
8.500000 0.798487
8.600000 0.764397
8.700000 0.742969
8.800000 0.564917
8.900000 0.531021
9.000000 0.462118
9.100000 1.129098
9.200000 0.312890
9.300000 0.044454
9.400000 -0.075225
9.500000 -0.945151
9.600000 -0.264327
9.700000 -0.301761
9.800000 -0.286479
9.900000 -0.447536
10.000000 -0.534021
10.100000 -0.535071
10.200000 -0.719875
10.300000 -0.857686
10.400000 -0.817826
10.500000 -0.859696
10.600000 -0.852775
10.700000 -0.986635
10.800000 -1.030936
10.900000 -0.975436
11.000000 -1.079990
11.100000 -1.014553
11.200000 -0.929178
11.300000 -0.884019
11.400000 -0.859329
11.500000 -0.925452
11.600000 -0.782829
11.700000 -0.731984
11.800000 -0.693525
11.900000 -0.578137
12.000000 -0.486573
12.100000 -0.359647
12.200000 -0.328229
12.300000 -0.173232
12.400000 -0.205604
12.500000 -0.086322
12.600000 -0.036377
12.700000 0.193232
12.800000 0.191510
12.900000 0.327474
13.000000 0.510167
13.100000 0.498661
13.200000 0.562074
13.300000 0.609570
13.400000 0.770376
13.500000 0.723784
13.600000 0.869162
13.700000 0.845955
13.800000 0.993696
13.900000 0.942008
14.000000 1.070607
14.100000 1.029309
14.200000 0.988027
14.300000 0.936772
14.400000 1.045658
14.500000 0.904895
14.600000 0.964791
14.700000 0.825747
14.800000 0.848252
14.900000 0.752881
15.000000 0.580288
15.100000 0.631197
15.200000 0.466399
15.300000 0.356741
15.400000 0.303118
15.500000 0.266467
15.600000 0.017754
15.700000 0.057963
15.800000 -0.011907
15.900000 -1.040859
16.000000 -0.277903
16.100000 -0.462071
16.200000 -0.572422
16.300000 -0.618052
16.400000 -0.548107
16.500000 0.138215
16.600000 -0.708352
16.700000 -0.777142
16.800000 -0.837567
16.900000 -0.129124
17.000000 -1.061397
17.100000 -1.034065
17.200000 -0.986900
17.300000 -0.999774
17.400000 -0.942659
17.500000 -1.035626
17.600000 -0.888844
17.700000 -0.872582
17.800000 -0.787202
17.900000 -0.113157
18.000000 -0.760987
18.100000 -0.721314
18.200000 -0.674833
18.300000 -1.322309
18.400000 -0.434566
18.500000 -0.262481
18.600000 -0.276974
18.700000 -0.148999
18.800000 -0.039536
18.900000 -0.019577
19.000000 0.129877
19.100000 0.267834
19.200000 0.433315
19.300000 0.415365
19.400000 0.553066
19.500000 0.625540
19.600000 0.681964
19.700000 0.761573
19.800000 0.763674
19.900000 0.797644
20.000000 0.942945
20.100000 0.979125
20.200000 0.875821
20.300000 1.052766
20.400000 0.999793
20.500000 0.946830
20.600000 1.003907
20.700000 0.931153
20.800000 0.928795
20.900000 0.807158
21.000000 0.746656
21.100000 0.767794
21.200000 0.631161
21.300000 0.617423
21.400000 1.287315
21.500000 0.391639
21.600000 0.341250
21.700000 0.217053
21.800000 0.279987
21.900000 0.171022
22.000000 -0.108851
22.100000 -0.038637
22.200000 -0.217336
22.300000 -0.283965
22.400000 -0.477556
22.500000 -0.397175
22.600000 -0.551926
22.700000 -0.610962
22.800000 -0.823495
22.900000 -0.808798
23.000000 -0.826220
23.100000 -0.885187
23.200000 -0.845210
23.300000 -0.095888
23.400000 -1.016916
23.500000 -0.978082
23.600000 -0.929276
23.700000 -0.230486
23.800000 -0.981798
23.900000 -1.843401
24.000000 -0.135578
24.100000 -0.808707
24.200000 -0.893256
24.300000 -0.839779
24.400000 -0.718910
24.500000 -0.651358
24.600000 -0.477897
24.700000 -0.449361
24.800000 -0.406635
24.900000 -0.270646
25.000000 -0.052352
25.100000 -0.032735
25.200000 0.137208
25.300000 0.106480
25.400000 0.254089
25.500000 0.279058
25.600000 0.360441
25.700000 0.587322
25.800000 0.628835
25.900000 0.724165
26.000000 0.792558
26.100000 0.863333
26.200000 0.795881
26.300000 0.829678
26.400000 1.024285
26.500000 1.069358
26.600000 0.994645
26.700000 0.989994
26.800000 0.965351
26.900000 1.070763
27.000000 0.866376
27.100000 0.882433
27.200000 0.849273
27.300000 0.827328
27.400000 0.697116
27.500000 0.749240
27.600000 0.684377
27.700000 0.533276
27.800000 0.546746
27.900000 0.355653
28.000000 0.300906
28.100000 0.133452
28.200000 0.134265
28.300000 -0.005663
28.400000 -0.895336
28.500000 -0.323756
28.600000 -0.249940
28.700000 -0.432928
28.800000 -0.541789
28.900000 -0.605637
29.000000 -0.713634
29.100000 -0.815000
29.200000 -0.799021
29.300000 -0.785060
29.400000 -1.002555
29.500000 -0.881031
29.600000 -1.020106
29.700000 -1.039487
29.800000 -0.978982
29.900000 -1.098495
30.000000 -1.078032
30.100000 -1.007696
30.200000 -0.997692
30.300000 -0.988318
30.400000 -0.889969
30.500000 -0.793127
30.600000 -0.778361
30.700000 -0.636317
30.800000 -0.607715
30.900000 -0.523341
31.000000 -0.504038
31.100000 -0.320697
31.200000 -0.284253
31.300000 -0.055667
31.400000 0.054074
31.500000 0.023974
31.600000 0.083036
31.700000 0.310268
31.800000 0.314700
31.900000 0.445388
32.000000 0.561427
32.100000 0.681955
32.200000 0.666169
32.300000 0.783328
32.400000 0.872759
32.500000 0.843870
32.600000 0.826150
32.700000 1.019176
32.800000 0.972618
32.900000 0.946242
33.000000 1.069912
33.100000 0.973591
33.200000 0.937343
33.300000 0.911329
33.400000 0.845810
33.500000 0.951140
33.600000 0.887766
33.700000 0.846222
33.800000 0.727121
33.900000 0.571155
34.000000 0.469083
34.100000 0.401724
34.200000 0.249951
34.300000 0.214682
34.400000 0.136869
34.500000 0.057487
34.600000 -0.002468
34.700000 -0.121999
34.800000 -0.200112
34.900000 -0.275825
35.000000 -0.388183
35.100000 -0.526262
35.200000 -0.549183
35.300000 -0.746118
35.400000 -0.816297
35.500000 -0.769019
35.600000 -0.913657
35.700000 -0.929667
35.800000 -1.046587
35.900000 -0.974049
36.000000 -1.091779
36.100000 -0.919599
36.200000 -1.047432
36.300000 -0.915298
36.400000 -0.963320
36.500000 -0.881717
36.600000 -0.940804
36.700000 -0.910991
36.800000 -0.812775
36.900000 -0.676737
37.000000 -0.603538
37.100000 -0.563909
37.200000 -0.568646
37.300000 -0.378600
37.400000 -0.394672
37.500000 -0.177799
37.600000 -0.188950
37.700000 0.080888
37.800000 0.100717
37.900000 0.239540
38.000000 0.316369
38.100000 0.290236
38.200000 0.570205
38.300000 0.545375
38.400000 0.654897
38.500000 0.697975
38.600000 0.833879
38.700000 0.881951
38.800000 0.861610
38.900000 0.142361
39.000000 0.973795
39.100000 1.045600
39.200000 1.037557
39.300000 0.909547
39.400000 1.061550
39.500000 1.063645
39.600000 0.936013
39.700000 0.988927
39.800000 0.822761
39.900000 0.887973
40.000000 0.765113
40.100000 0.744808
40.200000 0.667760
40.300000 0.514740
40.400000 0.456577
40.500000 0.364151
40.600000 0.168387
40.700000 0.190241
40.800000 -0.049307
40.900000 -0.009261
41.000000 -0.088623
41.100000 -0.306400
41.200000 -0.451615
41.300000 -0.453317
41.400000 -0.550589
41.500000 -0.642560
41.600000 -0.688411
41.700000 -0.677383
41.800000 -0.818787
41.900000 -0.942011
42.000000 -1.006522
42.100000 -0.931875
42.200000 -1.057717
42.300000 -1.893790
42.400000 -1.099934
42.500000 -1.056087
42.600000 -1.082287
42.700000 -0.948672
42.800000 -0.995479
42.900000 -0.923038
43.000000 -0.911775
43.100000 -0.682200
43.200000 -0.644911
43.300000 -0.590578
43.400000 -0.529944
43.500000 -0.563816
43.600000 -0.353053
43.700000 -0.338563
43.800000 -0.151289
43.900000 -0.102204
44.000000 -0.082298
44.100000 0.147431
44.200000 0.115987
44.300000 0.342385
44.400000 0.355662
44.500000 0.394885
44.600000 0.559164
44.700000 0.557656
44.800000 0.669577
44.900000 0.874208
45.000000 0.830904
45.100000 0.939097
45.200000 0.938307
45.300000 0.968142
45.400000 1.008304
45.500000 0.948591
45.600000 1.028900
45.700000 1.019229
45.800000 0.969673
45.900000 1.000429
46.000000 0.931788
46.100000 0.904137
46.200000 0.787952
46.300000 0.633794
46.400000 0.602304
46.500000 0.614197
46.600000 0.540252
46.700000 0.391309
46.800000 0.278257
46.900000 0.242024
47.000000 0.123573
47.100000 -0.056112
47.200000 -0.116037
47.300000 -0.145201
47.400000 -0.282615
47.500000 -0.437305
47.600000 -0.478325
47.700000 -0.574766
47.800000 -0.575764
47.900000 -0.700509
48.000000 -0.058255
48.100000 -0.738324
48.200000 -1.730118
48.300000 -0.843117
48.400000 -0.916893
48.500000 -0.991108
48.600000 -1.095521
48.700000 -0.979986
48.800000 -1.084460
48.900000 -0.888997
49.000000 -1.023753
49.100000 -0.958979
49.200000 -0.835023
49.300000 -0.832324
49.400000 -0.821408
49.500000 -0.642885
49.600000 -0.647439
49.700000 -0.635823
49.800000 -0.518854
49.900000 -0.417400
50.000000 -0.202375
50.100000 -0.084728
50.200000 -0.015436
50.300000 -0.015489
50.400000 0.034112
50.500000 0.302374
50.600000 0.408313
50.700000 0.330973
50.800000 0.589426
50.900000 0.612789
51.000000 0.700229
51.100000 0.780973
51.200000 0.754312
51.300000 0.809616
51.400000 0.986330
51.500000 1.033989
51.600000 1.042216
51.700000 1.020728
51.800000 0.909342
51.900000 1.057970
52.000000 1.006628
52.100000 1.055427
52.200000 0.954579
52.300000 0.844394
52.400000 0.885273
52.500000 0.817705
52.600000 0.722267
52.700000 0.739613
52.800000 0.480468
52.900000 0.555622
53.000000 0.405925
53.100000 0.262272
53.200000 0.195598
53.300000 0.056871
53.400000 0.047075
53.500000 -0.102791
53.600000 0.518270
53.700000 -0.358754
53.800000 -0.372892
53.900000 -0.443205
54.000000 -0.538789
54.100000 -0.678790
54.200000 -1.462409
54.300000 -0.778909
54.400000 -0.767627
54.500000 -0.947976
54.600000 -0.849452
54.700000 -0.891642
54.800000 -1.084223
54.900000 -1.076970
55.000000 -1.019755
55.100000 -1.002552
55.200000 -1.015431
55.300000 -0.938564
55.400000 -0.982219
55.500000 -0.786760
55.600000 -0.782640
55.700000 -0.760400
55.800000 -0.710663
55.900000 -0.664125
56.000000 -0.441551
56.100000 -0.463766
56.200000 -0.251646
56.300000 -0.256113
56.400000 -0.158121
56.500000 -0.058649
56.600000 0.131310
56.700000 0.200755
56.800000 0.958695
56.900000 0.314149
57.000000 0.516165
57.100000 0.483823
57.200000 0.516246
57.300000 0.682613
57.400000 0.692159
57.500000 0.754190
57.600000 0.768085
57.700000 0.943307
57.800000 0.949404
57.900000 1.036014
58.000000 0.952873
58.100000 1.029811
58.200000 1.046759
58.300000 1.033748
58.400000 0.940907
58.500000 0.958466
58.600000 0.926747
58.700000 0.816169
58.800000 -0.042764
58.900000 0.610537
59.000000 0.616738
59.100000 0.526577
59.200000 0.520856
59.300000 0.300429
59.400000 0.286202
59.500000 0.179115
59.600000 0.000138
59.700000 -0.089739
59.800000 -0.129519
59.900000 -0.178205
60.000000 -0.324811
60.100000 -0.468370
60.200000 -0.417950
60.300000 0.297346
60.400000 -1.491636
60.500000 -0.754108
60.600000 -0.729344
60.700000 -0.836693
60.800000 -0.975583
60.900000 -0.935524
61.000000 -0.986118
61.100000 -1.077058
61.200000 -0.948137
61.300000 -0.929242
61.400000 -1.000363
61.500000 -1.011589
61.600000 -0.993107
61.700000 -0.845201
61.800000 -0.068252
61.900000 -0.832726
62.000000 -0.739181
62.100000 -0.618249
62.200000 -0.570641
62.300000 0.222869
62.400000 -0.378554
62.500000 -1.125796
62.600000 -0.289781
62.700000 -0.171471
62.800000 -0.051848
62.900000 0.018094
63.000000 0.237356
63.100000 0.174945
63.200000 0.409887
63.300000 0.441233
63.400000 0.508071
63.500000 0.609532
63.600000 0.684804
63.700000 0.703133
63.800000 0.833837
63.900000 0.896309
64.000000 0.890026
64.100000 0.874550
64.200000 0.939537
64.300000 1.004736
64.400000 1.089996
64.500000 0.915265
64.600000 0.900589
64.700000 1.006116
64.800000 0.992089
64.900000 0.948850
65.000000 0.826829
65.100000 0.696546
65.200000 0.628605
65.300000 0.633683
65.400000 0.552530
65.500000 1.275956
65.600000 0.354826
65.700000 0.210051
65.800000 0.122577
65.900000 -0.016620
66.000000 -0.066551
66.100000 -0.136217
66.200000 -0.144621
66.300000 -0.350781
66.400000 -0.423736
66.500000 -0.482557
66.600000 -0.566357
66.700000 -0.744298
66.800000 -0.835602
66.900000 -0.899555
67.000000 -0.775520
67.100000 -0.902937
67.200000 -0.881332
67.300000 -1.010321
67.400000 -0.899615
67.500000 -0.909021
67.600000 -1.068446
67.700000 -0.997894
67.800000 -0.927472
67.900000 -0.867383
68.000000 -0.987928
68.100000 -0.799501
68.200000 -0.702586
68.300000 -0.777752
68.400000 -0.685646
68.500000 -0.586990
68.600000 -0.462568
68.700000 -0.363225
68.800000 -0.289853
68.900000 -0.123385
69.000000 -0.194785
69.100000 -0.065038
69.200000 0.054859
69.300000 0.183909
69.400000 -0.598879
69.500000 0.405524
69.600000 0.386174
69.700000 0.572167
69.800000 0.652643
69.900000 0.606798
70.000000 0.853891
70.100000 0.733251
70.200000 0.904285
70.300000 0.866485
70.400000 0.939427
70.500000 1.032782
70.600000 1.086318
70.700000 0.969900
70.800000 0.953490
70.900000 0.927154
71.000000 0.991055
71.100000 0.815453
71.200000 1.610704
71.300000 0.847255
71.400000 0.805640
71.500000 0.776476
71.600000 -0.179548
71.700000 0.588329
71.800000 0.400927
71.900000 0.419119
72.000000 0.163823
72.100000 0.245991
72.200000 0.136601
72.300000 -0.083355
72.400000 -0.172878
72.500000 -0.300974
72.600000 -0.416661
72.700000 -0.478985
72.800000 -0.597023
72.900000 -0.679894
73.000000 -0.616772
73.100000 -0.656888
73.200000 -0.759540
73.300000 -0.864105
73.400000 -0.960035
73.500000 -1.036873
73.600000 -1.004250
73.700000 -0.951892
73.800000 -0.949624
73.900000 -1.007368
74.000000 -0.965146
74.100000 -1.003082
74.200000 -0.941394
74.300000 -0.940400
74.400000 -0.920510
74.500000 -0.782222
74.600000 -0.626117
74.700000 -0.662858
74.800000 -0.643176
74.900000 -0.527866
75.000000 -0.457782
75.100000 -0.373823
75.200000 -0.236928
75.300000 -0.108066
75.400000 0.031776
75.500000 0.041601
75.600000 0.210410
75.700000 0.357217
75.800000 0.291054
75.900000 0.400984
76.000000 0.486108
76.100000 0.675575
76.200000 0.728593
76.300000 0.844430
76.400000 0.782429
76.500000 0.962012
76.600000 0.882681
76.700000 0.924032
76.800000 1.025750
76.900000 1.037619
77.000000 1.029520
77.100000 0.971434
77.200000 0.883443
77.300000 0.965724
77.400000 0.958557
77.500000 0.942311
77.600000 0.857450
77.700000 0.674521
77.800000 0.664152
77.900000 0.667048
78.000000 0.413978
78.100000 0.425773
78.200000 0.263314
78.300000 0.297524
78.400000 0.059361
78.500000 -0.030194
78.600000 -0.120147
78.700000 -0.259500
78.800000 -0.217258
78.900000 -0.442446
79.000000 -0.444113
79.100000 -0.581342
79.200000 -0.623262
79.300000 -0.739055
79.400000 -0.807962
79.500000 -0.739297
79.600000 -0.852445
79.700000 -0.966876
79.800000 -0.962146
79.900000 -1.027903
80.000000 -1.093889
80.100000 -0.939944
80.200000 -1.026008
80.300000 -1.042120
80.400000 -0.998419
80.500000 -0.955142
80.600000 -0.812621
80.700000 -0.761281
80.800000 -0.761636
80.900000 -0.624280
81.000000 -0.539888
81.100000 -1.379202
81.200000 -0.543028
81.300000 -0.342229
81.400000 -0.197709
81.500000 -0.170416
81.600000 -0.041319
81.700000 -0.011410
81.800000 0.068313
81.900000 0.166854
82.000000 0.293229
82.100000 0.456474
82.200000 0.505657
82.300000 0.599888
82.400000 0.628325
82.500000 0.810184
82.600000 0.764747
82.700000 0.921370
82.800000 0.829486
82.900000 0.898614
83.000000 0.948364
83.100000 0.968439
83.200000 1.058638
83.300000 1.038858
83.400000 1.019098
83.500000 0.889456
83.600000 1.020127
83.700000 0.921404
83.800000 0.803675
83.900000 0.707416
84.000000 0.783190
84.100000 0.581638
84.200000 0.483476
84.300000 0.549483
84.400000 0.450499
84.500000 0.227414
84.600000 0.211158
84.700000 -0.617308
84.800000 -0.037000
84.900000 -0.006922
85.000000 -0.256076
85.100000 -0.223470
85.200000 -0.448131
85.300000 -0.539115
85.400000 -0.575511
85.500000 -0.556456
85.600000 -0.681142
85.700000 -0.748823
85.800000 -0.818822
85.900000 -0.920539
86.000000 -0.893458
86.100000 -1.047151
86.200000 -0.901280
86.300000 -1.075604
86.400000 -0.969981
86.500000 -0.114366
86.600000 -1.068816
86.700000 -1.043485
86.800000 -1.008628
86.900000 -0.834592
87.000000 -0.911818
87.100000 -0.790832
87.200000 -0.732244
87.300000 -0.606740
87.400000 -0.545073
87.500000 -0.428060
87.600000 -0.276570
87.700000 -0.301518
87.800000 -0.073852
87.900000 0.015451
88.000000 0.115398
88.100000 0.064992
88.200000 0.313238
88.300000 0.369152
88.400000 0.471778
88.500000 0.600190
88.600000 0.603504
88.700000 0.640888
88.800000 0.811569
88.900000 0.744840
89.000000 0.870069
89.100000 0.956705
89.200000 1.024282
89.300000 0.882423
89.400000 1.080849
89.500000 0.899374
89.600000 1.017914
89.700000 0.996482
89.800000 0.875195
89.900000 1.004263
90.000000 0.943997
90.100000 -0.045202
90.200000 0.727158
90.300000 0.671653
90.400000 0.668937
90.500000 0.599738
90.600000 0.544846
90.700000 0.445109
90.800000 0.211425
90.900000 0.154729
91.000000 0.125988
91.100000 -0.003813
91.200000 -0.003676
91.300000 -0.142602
91.400000 -0.369604
91.500000 -0.373712
91.600000 -0.433987
91.700000 -0.489525
91.800000 -0.679473
91.900000 -0.633032
92.000000 -0.869466
92.100000 -0.768112
92.200000 -0.798384
92.300000 -0.969779
92.400000 -0.911885
92.500000 -0.984379
92.600000 -1.017038
92.700000 -0.979735
92.800000 -1.022443
92.900000 -0.935235
93.000000 -1.048282
93.100000 -0.911855
93.200000 -0.836316
93.300000 -0.812122
93.400000 -0.819813
93.500000 -0.690012
93.600000 -0.603417
93.700000 -0.610793
93.800000 -0.382965
93.900000 -0.420811
94.000000 -0.225252
94.100000 -0.077242
94.200000 -0.147761
94.300000 0.002197
94.400000 0.121633
94.500000 0.269555
94.600000 0.284983
94.700000 0.386964
94.800000 0.564579
94.900000 0.586953
95.000000 0.703262
95.100000 0.802744
95.200000 -0.045295
95.300000 0.838526
95.400000 0.983669
95.500000 1.039682
95.600000 0.946207
95.700000 0.942978
95.800000 1.059827
95.900000 0.936687
96.000000 1.053588
96.100000 0.990661
96.200000 1.008135
96.300000 0.826336
96.400000 0.915681
96.500000 0.866676
96.600000 0.699911
96.700000 0.566053
96.800000 0.645839
96.900000 0.470072
97.000000 0.329608
97.100000 0.215351
97.200000 0.148242
97.300000 0.009253
97.400000 -0.080628
97.500000 -0.030402
97.600000 -0.279074
97.700000 -0.385656
97.800000 -0.479185
97.900000 -0.548725
98.000000 -0.593382
98.100000 -0.632310
98.200000 -0.814720
98.300000 -0.759889
98.400000 -0.807166
98.500000 -0.965978
98.600000 -0.925837
98.700000 -0.906347
98.800000 -0.937200
98.900000 -0.298190
99.000000 -0.909207
99.100000 -1.060240
99.200000 -0.931378
99.300000 -0.982811
99.400000 -0.844823
99.500000 -0.957795
99.600000 -0.802196
99.700000 -0.778582
99.800000 -0.677588
99.900000 -0.599924
