0.000000 0.000000
0.100000 0.099833
0.200000 0.198669
0.300000 0.295520
0.400000 0.389418
0.500000 0.479426
0.600000 0.564642
0.700000 0.644218
0.800000 0.717356
0.900000 0.783327
1.000000 0.841471
1.100000 0.891207
1.200000 0.932039
1.300000 0.963558
1.400000 0.985450
1.500000 0.997495
1.600000 0.999574
1.700000 0.991665
1.800000 0.973848
1.900000 0.946300
2.000000 0.909297
2.100000 0.863209
2.200000 0.808496
2.300000 0.745705
2.400000 0.675463
2.500000 0.598472
2.600000 0.515501
2.700000 0.427380
2.800000 0.334988
2.900000 0.239249
3.000000 0.141120
3.100000 0.041581
3.200000 -0.058374
3.300000 -0.157746
3.400000 -0.255541
3.500000 -0.350783
3.600000 -0.442520
3.700000 -0.529836
3.800000 -0.611858
3.900000 -0.687766
4.000000 -0.756802
4.100000 -0.818277
4.200000 -0.871576
4.300000 -0.916166
4.400000 -0.951602
4.500000 -0.977530
4.600000 -0.993691
4.700000 -0.999923
4.800000 -0.996165
4.900000 -0.982453
5.000000 -0.958924
5.100000 -0.925815
5.200000 -0.883455
5.300000 -0.832267
5.400000 -0.772764
5.500000 -0.705540
5.600000 -0.631267
5.700000 -0.550686
5.800000 -0.464602
5.900000 -0.373877
6.000000 -0.279415
6.100000 -0.182163
6.200000 -0.083089
6.300000 0.016814
6.400000 0.116549
6.500000 0.215120
6.600000 0.311541
6.700000 0.404850
6.800000 0.494113
6.900000 0.578440
7.000000 0.656987
7.100000 0.728969
7.200000 0.793668
7.300000 0.850437
7.400000 0.898708
7.500000 0.938000
7.600000 0.967920
7.700000 0.988168
7.800000 0.998543
7.900000 0.998941
8.000000 0.989358
8.100000 0.969890
8.200000 0.940731
8.300000 0.902172
8.400000 0.854599
8.500000 0.798487
8.600000 0.734397
8.700000 0.662969
8.800000 0.584917
8.900000 0.501021
9.000000 0.412118
9.100000 0.319098
9.200000 0.222890
9.300000 0.124454
9.400000 0.024775
9.500000 -0.075151
9.600000 -0.174327
9.700000 -0.271761
9.800000 -0.366479
9.900000 -0.457536
10.000000 -0.544021
10.100000 -0.625071
10.200000 -0.699875
10.300000 -0.767686
10.400000 -0.827826
10.500000 -0.879696
10.600000 -0.922775
10.700000 -0.956635
10.800000 -0.980936
10.900000 -0.995436
11.000000 -0.999990
11.100000 -0.994553
11.200000 -0.979178
11.300000 -0.954019
11.400000 -0.919329
11.500000 -0.875452
11.600000 -0.822829
11.700000 -0.761984
11.800000 -0.693525
11.900000 -0.618137
12.000000 -0.536573
12.100000 -0.449647
12.200000 -0.358229
12.300000 -0.263232
12.400000 -0.165604
12.500000 -0.066322
12.600000 0.033623
12.700000 0.133232
12.800000 0.231510
12.900000 0.327474
13.000000 0.420167
13.100000 0.508661
13.200000 0.592074
13.300000 0.669570
13.400000 0.740376
13.500000 0.803784
13.600000 0.859162
13.700000 0.905955
13.800000 0.943696
13.900000 0.972008
14.000000 0.990607
14.100000 0.999309
14.200000 0.998027
14.300000 0.986772
14.400000 0.965658
14.500000 0.934895
14.600000 0.894791
14.700000 0.845747
14.800000 0.788252
14.900000 0.722881
15.000000 0.650288
15.100000 0.571197
15.200000 0.486399
15.300000 0.396741
15.400000 0.303118
15.500000 0.206467
15.600000 0.107754
15.700000 0.007963
15.800000 -0.091907
15.900000 -0.190859
16.000000 -0.287903
16.100000 -0.382071
16.200000 -0.472422
16.300000 -0.558052
16.400000 -0.638107
16.500000 -0.711785
16.600000 -0.778352
16.700000 -0.837142
16.800000 -0.887567
16.900000 -0.929124
17.000000 -0.961397
17.100000 -0.984065
17.200000 -0.996900
17.300000 -0.999774
17.400000 -0.992659
17.500000 -0.975626
17.600000 -0.948844
17.700000 -0.912582
17.800000 -0.867202
17.900000 -0.813157
18.000000 -0.750987
18.100000 -0.681314
18.200000 -0.604833
18.300000 -0.522309
18.400000 -0.434566
18.500000 -0.342481
18.600000 -0.246974
18.700000 -0.148999
18.800000 -0.049536
18.900000 0.050423
19.000000 0.149877
19.100000 0.247834
19.200000 0.343315
19.300000 0.435365
19.400000 0.523066
19.500000 0.605540
19.600000 0.681964
19.700000 0.751573
19.800000 0.813674
19.900000 0.867644
20.000000 0.912945
20.100000 0.949125
20.200000 0.975821
20.300000 0.992766
20.400000 0.999793
20.500000 0.996830
20.600000 0.983907
20.700000 0.961153
20.800000 0.928795
20.900000 0.887158
21.000000 0.836656
21.100000 0.777794
21.200000 0.711161
21.300000 0.637423
21.400000 0.557315
21.500000 0.471639
21.600000 0.381250
21.700000 0.287053
21.800000 0.189987
21.900000 0.091022
22.000000 -0.008851
22.100000 -0.108637
22.200000 -0.207336
22.300000 -0.303965
22.400000 -0.397556
22.500000 -0.487175
22.600000 -0.571926
22.700000 -0.650962
22.800000 -0.723495
22.900000 -0.788798
23.000000 -0.846220
23.100000 -0.895187
23.200000 -0.935210
23.300000 -0.965888
23.400000 -0.986916
23.500000 -0.998082
23.600000 -0.999276
23.700000 -0.990486
23.800000 -0.971798
23.900000 -0.943401
24.000000 -0.905578
24.100000 -0.858707
24.200000 -0.803256
24.300000 -0.739779
24.400000 -0.668910
24.500000 -0.591358
24.600000 -0.507897
24.700000 -0.419361
24.800000 -0.326635
24.900000 -0.230646
25.000000 -0.132352
25.100000 -0.032735
25.200000 0.067208
25.300000 0.166480
25.400000 0.264089
25.500000 0.359058
25.600000 0.450441
25.700000 0.537322
25.800000 0.618835
25.900000 0.694165
26.000000 0.762558
26.100000 0.823333
26.200000 0.875881
26.300000 0.919678
26.400000 0.954285
26.500000 0.979358
26.600000 0.994645
26.700000 0.999994
26.800000 0.995351
26.900000 0.980763
27.000000 0.956376
27.100000 0.922433
27.200000 0.879273
27.300000 0.827328
27.400000 0.767116
27.500000 0.699240
27.600000 0.624377
27.700000 0.543276
27.800000 0.456746
27.900000 0.365653
28.000000 0.270906
28.100000 0.173452
28.200000 0.074265
28.300000 -0.025663
28.400000 -0.125336
28.500000 -0.223756
28.600000 -0.319940
28.700000 -0.412928
28.800000 -0.501789
28.900000 -0.585637
29.000000 -0.663634
29.100000 -0.735000
29.200000 -0.799021
29.300000 -0.855060
29.400000 -0.902555
29.500000 -0.941031
29.600000 -0.970106
29.700000 -0.989487
29.800000 -0.998982
29.900000 -0.998495
30.000000 -0.988032
30.100000 -0.967696
30.200000 -0.937692
30.300000 -0.898318
30.400000 -0.849969
30.500000 -0.793127
30.600000 -0.728361
30.700000 -0.656317
30.800000 -0.577715
30.900000 -0.493341
31.000000 -0.404038
31.100000 -0.310697
31.200000 -0.214253
31.300000 -0.115667
31.400000 -0.015926
31.500000 0.083974
31.600000 0.183036
31.700000 0.280268
31.800000 0.374700
31.900000 0.465388
32.000000 0.551427
32.100000 0.631955
32.200000 0.706169
32.300000 0.773328
32.400000 0.832759
32.500000 0.883870
32.600000 0.926150
32.700000 0.959176
32.800000 0.982618
32.900000 0.996242
33.000000 0.999912
33.100000 0.993591
33.200000 0.977343
33.300000 0.951329
33.400000 0.915810
33.500000 0.871140
33.600000 0.817766
33.700000 0.756222
33.800000 0.687121
33.900000 0.611155
34.000000 0.529083
34.100000 0.441724
34.200000 0.349951
34.300000 0.254682
34.400000 0.156869
34.500000 0.057487
34.600000 -0.042468
34.700000 -0.141999
34.800000 -0.240112
34.900000 -0.335825
35.000000 -0.428183
35.100000 -0.516262
35.200000 -0.599183
35.300000 -0.676118
35.400000 -0.746297
35.500000 -0.809019
35.600000 -0.863657
35.700000 -0.909667
35.800000 -0.946587
35.900000 -0.974049
36.000000 -0.991779
36.100000 -0.999599
36.200000 -0.997432
36.300000 -0.985298
36.400000 -0.963320
36.500000 -0.931717
36.600000 -0.890804
36.700000 -0.840991
36.800000 -0.782775
36.900000 -0.716737
37.000000 -0.643538
37.100000 -0.563909
37.200000 -0.478646
37.300000 -0.388600
37.400000 -0.294672
37.500000 -0.197799
37.600000 -0.098950
37.700000 0.000888
37.800000 0.100717
37.900000 0.199540
38.000000 0.296369
38.100000 0.390236
38.200000 0.480205
38.300000 0.565375
38.400000 0.644897
38.500000 0.717975
38.600000 0.783879
38.700000 0.841951
38.800000 0.891610
38.900000 0.932361
39.000000 0.963795
39.100000 0.985600
39.200000 0.997557
39.300000 0.999547
39.400000 0.991550
39.500000 0.973645
39.600000 0.946013
39.700000 0.908927
39.800000 0.862761
39.900000 0.807973
40.000000 0.745113
40.100000 0.674808
40.200000 0.597760
40.300000 0.514740
40.400000 0.426577
40.500000 0.334151
40.600000 0.238387
40.700000 0.140241
40.800000 0.040693
40.900000 -0.059261
41.000000 -0.158623
41.100000 -0.256400
41.200000 -0.351615
41.300000 -0.443317
41.400000 -0.530589
41.500000 -0.612560
41.600000 -0.688411
41.700000 -0.757383
41.800000 -0.818787
41.900000 -0.872011
42.000000 -0.916522
42.100000 -0.951875
42.200000 -0.977717
42.300000 -0.993790
42.400000 -0.999934
42.500000 -0.996087
42.600000 -0.982287
42.700000 -0.958672
42.800000 -0.925479
42.900000 -0.883038
43.000000 -0.831775
43.100000 -0.772200
43.200000 -0.704911
43.300000 -0.630578
43.400000 -0.549944
43.500000 -0.463816
43.600000 -0.373053
43.700000 -0.278563
43.800000 -0.181289
43.900000 -0.082204
44.000000 0.017702
44.100000 0.117431
44.200000 0.215987
44.300000 0.312385
44.400000 0.405662
44.500000 0.494885
44.600000 0.579164
44.700000 0.657656
44.800000 0.729577
44.900000 0.794208
45.000000 0.850904
45.100000 0.899097
45.200000 0.938307
45.300000 0.968142
45.400000 0.988304
45.500000 0.998591
45.600000 0.998900
45.700000 0.989229
45.800000 0.969673
45.900000 0.940429
46.000000 0.901788
46.100000 0.854137
46.200000 0.797952
46.300000 0.733794
46.400000 0.662304
46.500000 0.584197
46.600000 0.500252
46.700000 0.411309
46.800000 0.318257
46.900000 0.222024
47.000000 0.123573
47.100000 0.023888
47.200000 -0.076037
47.300000 -0.175201
47.400000 -0.272615
47.500000 -0.367305
47.600000 -0.458325
47.700000 -0.544766
47.800000 -0.625764
47.900000 -0.700509
48.000000 -0.768255
48.100000 -0.828324
48.200000 -0.880118
48.300000 -0.923117
48.400000 -0.956893
48.500000 -0.981108
48.600000 -0.995521
48.700000 -0.999986
48.800000 -0.994460
48.900000 -0.978997
49.000000 -0.953753
49.100000 -0.918979
49.200000 -0.875023
49.300000 -0.822324
49.400000 -0.761408
49.500000 -0.692885
49.600000 -0.617439
49.700000 -0.535823
49.800000 -0.448854
49.900000 -0.357400
50.000000 -0.262375
50.100000 -0.164728
50.200000 -0.065436
50.300000 0.034511
50.400000 0.134112
50.500000 0.232374
50.600000 0.328313
50.700000 0.420973
50.800000 0.509426
50.900000 0.592789
51.000000 0.670229
51.100000 0.740973
51.200000 0.804312
51.300000 0.859616
51.400000 0.906330
51.500000 0.943989
51.600000 0.972216
51.700000 0.990728
51.800000 0.999342
51.900000 0.997970
52.000000 0.986628
52.100000 0.965427
52.200000 0.934579
52.300000 0.894394
52.400000 0.845273
52.500000 0.787705
52.600000 0.722267
52.700000 0.649613
52.800000 0.570468
52.900000 0.485622
53.000000 0.395925
53.100000 0.302272
53.200000 0.205598
53.300000 0.106871
53.400000 0.007075
53.500000 -0.092791
53.600000 -0.191730
53.700000 -0.288754
53.800000 -0.382892
53.900000 -0.473205
54.000000 -0.558789
54.100000 -0.638790
54.200000 -0.712409
54.300000 -0.778909
54.400000 -0.837627
54.500000 -0.887976
54.600000 -0.929452
54.700000 -0.961642
54.800000 -0.984223
54.900000 -0.996970
55.000000 -0.999755
55.100000 -0.992552
55.200000 -0.975431
55.300000 -0.948564
55.400000 -0.912219
55.500000 -0.866760
55.600000 -0.812640
55.700000 -0.750400
55.800000 -0.680663
55.900000 -0.604125
56.000000 -0.521551
56.100000 -0.433766
56.200000 -0.341646
56.300000 -0.246113
56.400000 -0.148121
56.500000 -0.048649
56.600000 0.051310
56.700000 0.150755
56.800000 0.248695
56.900000 0.344149
57.000000 0.436165
57.100000 0.523823
57.200000 0.606246
57.300000 0.682613
57.400000 0.752159
57.500000 0.814190
57.600000 0.868085
57.700000 0.913307
57.800000 0.949404
57.900000 0.976014
58.000000 0.992873
58.100000 0.999811
58.200000 0.996759
58.300000 0.983748
58.400000 0.960907
58.500000 0.928466
58.600000 0.886747
58.700000 0.836169
58.800000 0.777236
58.900000 0.710537
59.000000 0.636738
59.100000 0.556577
59.200000 0.470856
59.300000 0.380429
59.400000 0.286202
59.500000 0.189115
59.600000 0.090138
59.700000 -0.009739
59.800000 -0.109519
59.900000 -0.208205
60.000000 -0.304811
60.100000 -0.398370
60.200000 -0.487950
60.300000 -0.572654
60.400000 -0.651636
60.500000 -0.724108
60.600000 -0.789344
60.700000 -0.846693
60.800000 -0.895583
60.900000 -0.935524
61.000000 -0.966118
61.100000 -0.987058
61.200000 -0.998137
61.300000 -0.999242
61.400000 -0.990363
61.500000 -0.971589
61.600000 -0.943107
61.700000 -0.905201
61.800000 -0.858252
61.900000 -0.802726
62.000000 -0.739181
62.100000 -0.668249
62.200000 -0.590641
62.300000 -0.507131
62.400000 -0.418554
62.500000 -0.325796
62.600000 -0.229781
62.700000 -0.131471
62.800000 -0.031848
62.900000 0.068094
63.000000 0.167356
63.100000 0.264945
63.200000 0.359887
63.300000 0.451233
63.400000 0.538071
63.500000 0.619532
63.600000 0.694804
63.700000 0.763133
63.800000 0.823837
63.900000 0.876309
64.000000 0.920026
64.100000 0.954550
64.200000 0.979537
64.300000 0.994736
64.400000 0.999996
64.500000 0.995265
64.600000 0.980589
64.700000 0.956116
64.800000 0.922089
64.900000 0.878850
65.000000 0.826829
65.100000 0.766546
65.200000 0.698605
65.300000 0.623683
65.400000 0.542530
65.500000 0.455956
65.600000 0.364826
65.700000 0.270051
65.800000 0.172577
65.900000 0.073380
66.000000 -0.026551
66.100000 -0.126217
66.200000 -0.224621
66.300000 -0.320781
66.400000 -0.413736
66.500000 -0.502557
66.600000 -0.586357
66.700000 -0.664298
66.800000 -0.735602
66.900000 -0.799555
67.000000 -0.855520
67.100000 -0.902937
67.200000 -0.941332
67.300000 -0.970321
67.400000 -0.989615
67.500000 -0.999021
67.600000 -0.998446
67.700000 -0.987894
67.800000 -0.967472
67.900000 -0.937383
68.000000 -0.897928
68.100000 -0.849501
68.200000 -0.792586
68.300000 -0.727752
68.400000 -0.655646
68.500000 -0.576990
68.600000 -0.492568
68.700000 -0.403225
68.800000 -0.309853
68.900000 -0.213385
69.000000 -0.114785
69.100000 -0.015038
69.200000 0.084859
69.300000 0.183909
69.400000 0.281121
69.500000 0.375524
69.600000 0.466174
69.700000 0.552167
69.800000 0.632643
69.900000 0.706798
70.000000 0.773891
70.100000 0.833251
70.200000 0.884285
70.300000 0.926485
70.400000 0.959427
70.500000 0.982782
70.600000 0.996318
70.700000 0.999900
70.800000 0.993490
70.900000 0.977154
71.000000 0.951055
71.100000 0.915453
71.200000 0.870704
71.300000 0.817255
71.400000 0.755640
71.500000 0.686476
71.600000 0.610452
71.700000 0.528329
71.800000 0.440927
71.900000 0.349119
72.000000 0.253823
72.100000 0.155991
72.200000 0.056601
72.300000 -0.043355
72.400000 -0.142878
72.500000 -0.240974
72.600000 -0.336661
72.700000 -0.428985
72.800000 -0.517023
72.900000 -0.599894
73.000000 -0.676772
73.100000 -0.746888
73.200000 -0.809540
73.300000 -0.864105
73.400000 -0.910035
73.500000 -0.946873
73.600000 -0.974250
73.700000 -0.991892
73.800000 -0.999624
73.900000 -0.997368
74.000000 -0.985146
74.100000 -0.963082
74.200000 -0.931394
74.300000 -0.890400
74.400000 -0.840510
74.500000 -0.782222
74.600000 -0.716117
74.700000 -0.642858
74.800000 -0.563176
74.900000 -0.477866
75.000000 -0.387782
75.100000 -0.293823
75.200000 -0.196928
75.300000 -0.098066
75.400000 0.001776
75.500000 0.101601
75.600000 0.200410
75.700000 0.297217
75.800000 0.391054
75.900000 0.480984
76.000000 0.566108
76.100000 0.645575
76.200000 0.718593
76.300000 0.784430
76.400000 0.842429
76.500000 0.892012
76.600000 0.932681
76.700000 0.964032
76.800000 0.985750
76.900000 0.997619
77.000000 0.999520
77.100000 0.991434
77.200000 0.973443
77.300000 0.945724
77.400000 0.908557
77.500000 0.862311
77.600000 0.807450
77.700000 0.744521
77.800000 0.674152
77.900000 0.597048
78.000000 0.513978
78.100000 0.425773
78.200000 0.333314
78.300000 0.237524
78.400000 0.139361
78.500000 0.039806
78.600000 -0.060147
78.700000 -0.159500
78.800000 -0.257258
78.900000 -0.352446
79.000000 -0.444113
79.100000 -0.531342
79.200000 -0.613262
79.300000 -0.689055
79.400000 -0.757962
79.500000 -0.819297
79.600000 -0.872445
79.700000 -0.916876
79.800000 -0.952146
79.900000 -0.977903
80.000000 -0.993889
80.100000 -0.999944
80.200000 -0.996008
80.300000 -0.982120
80.400000 -0.958419
80.500000 -0.925142
80.600000 -0.882621
80.700000 -0.831281
80.800000 -0.771636
80.900000 -0.704280
81.000000 -0.629888
81.100000 -0.549202
81.200000 -0.463028
81.300000 -0.372229
81.400000 -0.277709
81.500000 -0.180416
81.600000 -0.081319
81.700000 0.018590
81.800000 0.118313
81.900000 0.216854
82.000000 0.313229
82.100000 0.406474
82.200000 0.495657
82.300000 0.579888
82.400000 0.658325
82.500000 0.730184
82.600000 0.794747
82.700000 0.851370
82.800000 0.899486
82.900000 0.938614
83.000000 0.968364
83.100000 0.988439
83.200000 0.998638
83.300000 0.998858
83.400000 0.989098
83.500000 0.969456
83.600000 0.940127
83.700000 0.901404
83.800000 0.853675
83.900000 0.797416
84.000000 0.733190
84.100000 0.661638
84.200000 0.583476
84.300000 0.499483
84.400000 0.410499
84.500000 0.317414
84.600000 0.221158
84.700000 0.122692
84.800000 0.023000
84.900000 -0.076922
85.000000 -0.176076
85.100000 -0.273470
85.200000 -0.368131
85.300000 -0.459115
85.400000 -0.545511
85.500000 -0.626456
85.600000 -0.701142
85.700000 -0.768823
85.800000 -0.828822
85.900000 -0.880539
86.000000 -0.923458
86.100000 -0.957151
86.200000 -0.981280
86.300000 -0.995604
86.400000 -0.999981
86.500000 -0.994366
86.600000 -0.978816
86.700000 -0.953485
86.800000 -0.918628
86.900000 -0.874592
87.000000 -0.821818
87.100000 -0.760832
87.200000 -0.692244
87.300000 -0.616740
87.400000 -0.535073
87.500000 -0.448060
87.600000 -0.356570
87.700000 -0.261518
87.800000 -0.163852
87.900000 -0.064549
88.000000 0.035398
88.100000 0.134992
88.200000 0.233238
88.300000 0.329152
88.400000 0.421778
88.500000 0.510190
88.600000 0.593504
88.700000 0.670888
88.800000 0.741569
88.900000 0.804840
89.000000 0.860069
89.100000 0.906705
89.200000 0.944282
89.300000 0.972423
89.400000 0.990849
89.500000 0.999374
89.600000 0.997914
89.700000 0.986482
89.800000 0.965195
89.900000 0.934263
90.000000 0.893997
90.100000 0.844798
90.200000 0.787158
90.300000 0.721653
90.400000 0.648937
90.500000 0.569738
90.600000 0.484846
90.700000 0.395109
90.800000 0.301425
90.900000 0.204729
91.000000 0.105988
91.100000 0.006187
91.200000 -0.093676
91.300000 -0.192602
91.400000 -0.289604
91.500000 -0.383712
91.600000 -0.473987
91.700000 -0.559525
91.800000 -0.639473
91.900000 -0.713032
92.000000 -0.779466
92.100000 -0.838112
92.200000 -0.888384
92.300000 -0.929779
92.400000 -0.961885
92.500000 -0.984379
92.600000 -0.997038
92.700000 -0.999735
92.800000 -0.992443
92.900000 -0.975235
93.000000 -0.948282
93.100000 -0.911855
93.200000 -0.866316
93.300000 -0.812122
93.400000 -0.749813
93.500000 -0.680012
93.600000 -0.603417
93.700000 -0.520793
93.800000 -0.432965
93.900000 -0.340811
94.000000 -0.245252
94.100000 -0.147242
94.200000 -0.047761
94.300000 0.052197
94.400000 0.151633
94.500000 0.249555
94.600000 0.344983
94.700000 0.436964
94.800000 0.524579
94.900000 0.606953
95.000000 0.683262
95.100000 0.752744
95.200000 0.814705
95.300000 0.868526
95.400000 0.913669
95.500000 0.949682
95.600000 0.976207
95.700000 0.992978
95.800000 0.999827
95.900000 0.996687
96.000000 0.983588
96.100000 0.960661
96.200000 0.928135
96.300000 0.886336
96.400000 0.835681
96.500000 0.776676
96.600000 0.709911
96.700000 0.636053
96.800000 0.555839
96.900000 0.470072
97.000000 0.379608
97.100000 0.285351
97.200000 0.188242
97.300000 0.089253
97.400000 -0.010628
97.500000 -0.110402
97.600000 -0.209074
97.700000 -0.305656
97.800000 -0.399185
97.900000 -0.488725
98.000000 -0.573382
98.100000 -0.652310
98.200000 -0.724720
98.300000 -0.789889
98.400000 -0.847166
98.500000 -0.895978
98.600000 -0.935837
98.700000 -0.966347
98.800000 -0.987200
98.900000 -0.998190
99.000000 -0.999207
99.100000 -0.990240
99.200000 -0.971378
99.300000 -0.942811
99.400000 -0.904823
99.500000 -0.857795
99.600000 -0.802196
99.700000 -0.738582
99.800000 -0.667588
99.900000 -0.589924
