0.000000 0.109833
0.100000 0.188669
0.200000 0.319418
0.300000 0.399426
0.400000 0.399426
0.500000 0.604218
0.600000 0.624642
0.700000 0.657356
0.800000 0.743327
0.900000 0.791207
1.000000 0.842039
1.100000 0.842039
1.200000 0.913558
1.300000 1.025450
1.400000 1.029574
1.500000 1.029574
1.600000 1.011665
1.700000 0.966300
1.800000 0.933848
1.900000 0.883209
2.000000 0.819297
2.100000 0.798496
2.200000 0.795705
2.300000 0.735463
2.400000 0.628472
2.500000 0.477380
2.600000 0.425501
2.700000 0.239249
2.800000 0.239249
2.900000 0.239249
3.000000 0.031626
3.100000 0.001581
3.200000 -0.175541
3.300000 -0.197746
3.400000 -0.380783
3.500000 -0.380783
3.600000 -0.472520
3.700000 -0.521858
3.800000 -0.657766
3.900000 -0.748277
4.000000 -0.826802
4.100000 -0.831576
4.200000 -0.856166
4.300000 -0.901602
4.400000 -0.963691
4.500000 -0.963691
4.600000 -0.936165
4.700000 -0.919923
4.800000 -0.936165
4.900000 -0.915815
5.000000 -0.933455
5.100000 -0.915815
5.200000 -0.852267
5.300000 -0.842764
5.400000 -0.611267
5.500000 -0.611267
5.600000 -0.611267
5.700000 -0.504602
5.800000 -0.333877
5.900000 -0.309415
6.000000 -0.102163
6.100000 -0.083089
6.200000 -0.023186
6.300000 0.165120
6.400000 0.166549
6.500000 0.331541
6.600000 0.444850
6.700000 0.514113
6.800000 0.556987
6.900000 0.618440
7.000000 0.778969
7.100000 0.843668
7.200000 0.843668
7.300000 0.850437
7.400000 0.897920
7.500000 1.028000
7.600000 0.978543
7.700000 0.998941
7.800000 0.978543
7.900000 0.959890
8.000000 0.959890
8.100000 0.982172
8.200000 0.982172
8.300000 0.904599
8.400000 0.808487
8.500000 0.734397
8.600000 0.682969
8.700000 0.564917
8.800000 0.561021
8.900000 0.432118
9.000000 0.349098
9.100000 0.349098
9.200000 0.232890
9.300000 0.004775
9.400000 -0.035151
9.500000 -0.194327
9.600000 -0.301761
9.700000 -0.426479
9.800000 -0.437536
9.900000 -0.614021
10.000000 -0.669875
10.100000 -0.817686
10.200000 -0.817686
10.300000 -0.847826
10.400000 -0.869696
10.500000 -1.002775
10.600000 -1.002775
10.700000 -0.965436
10.800000 -0.959990
10.900000 -0.959990
11.000000 -0.959990
11.100000 -0.964019
11.200000 -0.964019
11.300000 -0.895452
11.400000 -0.892829
11.500000 -0.892829
11.600000 -0.851984
11.700000 -0.733525
11.800000 -0.618137
11.900000 -0.456573
12.000000 -0.449647
12.100000 -0.378229
12.200000 -0.303232
12.300000 -0.265604
12.400000 -0.106322
12.500000 -0.066377
12.600000 0.203232
12.700000 0.231510
12.800000 0.387474
12.900000 0.468661
13.000000 0.490167
13.100000 0.602074
13.200000 0.640376
13.300000 0.759570
13.400000 0.763784
13.500000 0.859162
13.600000 0.933696
13.700000 0.995955
13.800000 1.052008
13.900000 1.052008
14.000000 1.018027
14.100000 0.999309
14.200000 0.896772
14.300000 0.874895
14.400000 0.865658
14.500000 0.835747
14.600000 0.835747
14.700000 0.835747
14.800000 0.692881
14.900000 0.491197
15.000000 0.396399
15.100000 0.456741
15.200000 0.396399
15.300000 0.373118
15.400000 0.256467
15.500000 0.117754
15.600000 0.067963
15.700000 -0.021907
15.800000 -0.130859
15.900000 -0.130859
16.000000 -0.377903
16.100000 -0.462422
16.200000 -0.478052
16.300000 -0.671785
16.400000 -0.738107
16.500000 -0.788352
16.600000 -0.877142
16.700000 -0.887567
16.800000 -0.901397
16.900000 -0.929124
17.000000 -0.934065
17.100000 -0.934065
17.200000 -0.942659
17.300000 -0.942659
17.400000 -0.942659
17.500000 -0.912582
17.600000 -0.888844
17.700000 -0.863157
17.800000 -0.837202
17.900000 -0.781314
18.000000 -0.680987
18.100000 -0.562309
18.200000 -0.514833
18.300000 -0.562309
18.400000 -0.444566
18.500000 -0.208999
18.600000 -0.119536
18.700000 -0.119536
18.800000 -0.029577
18.900000 0.079877
19.000000 0.197834
19.100000 0.335365
19.200000 0.383315
19.300000 0.565540
19.400000 0.603066
19.500000 0.741573
19.600000 0.741573
19.700000 0.741573
19.800000 0.842945
19.900000 0.867644
20.000000 0.899125
20.100000 0.992766
20.200000 1.039793
20.300000 0.992766
20.400000 1.003907
20.500000 0.946830
20.600000 0.941153
20.700000 0.941153
20.800000 0.928795
20.900000 0.767794
21.000000 0.766656
21.100000 0.721161
21.200000 0.697423
21.300000 0.607315
21.400000 0.541639
21.500000 0.391250
21.600000 0.277053
21.700000 0.109987
21.800000 0.051149
21.900000 0.021022
22.000000 -0.138637
22.100000 -0.157336
22.200000 -0.223965
22.300000 -0.377556
22.400000 -0.517175
22.500000 -0.650962
22.600000 -0.650962
22.700000 -0.650962
22.800000 -0.698798
22.900000 -0.896220
23.000000 -0.915187
23.100000 -0.915187
23.200000 -0.936916
23.300000 -0.936916
23.400000 -0.998082
23.500000 -1.019276
23.600000 -1.051798
23.700000 -1.051798
23.800000 -1.003401
23.900000 -0.918707
24.000000 -0.803256
24.100000 -0.803256
24.200000 -0.719779
24.300000 -0.611358
24.400000 -0.608910
24.500000 -0.409361
24.600000 -0.326635
24.700000 -0.326635
24.800000 -0.240646
24.900000 -0.052352
25.000000 -0.032735
25.100000 0.077208
25.200000 0.216480
25.300000 0.354089
25.400000 0.420441
25.500000 0.439058
25.600000 0.567322
25.700000 0.568835
25.800000 0.682558
25.900000 0.754165
26.000000 0.843333
26.100000 0.945881
26.200000 0.945881
26.300000 1.069358
26.400000 1.034645
26.500000 1.034645
26.600000 0.925351
26.700000 0.925351
26.800000 0.980763
26.900000 0.996376
27.000000 0.996376
27.100000 0.807328
27.200000 0.807328
27.300000 0.807328
27.400000 0.654377
27.500000 0.619240
27.600000 0.583276
27.700000 0.466746
27.800000 0.466746
27.900000 0.275653
28.000000 0.263452
28.100000 0.094265
28.200000 -0.005663
28.300000 -0.115336
28.400000 -0.173756
28.500000 -0.369940
28.600000 -0.412928
28.700000 -0.531789
28.800000 -0.535637
28.900000 -0.735000
29.000000 -0.763634
29.100000 -0.859021
29.200000 -0.915060
29.300000 -0.971031
29.400000 -0.980106
29.500000 -0.971031
29.600000 -0.980106
29.700000 -0.958495
29.800000 -1.018032
29.900000 -0.958495
30.000000 -0.977692
30.100000 -0.928318
30.200000 -0.928318
30.300000 -0.783127
30.400000 -0.779969
30.500000 -0.668361
30.600000 -0.596317
30.700000 -0.557715
30.800000 -0.474038
30.900000 -0.473341
31.000000 -0.310697
31.100000 -0.164253
31.200000 -0.045667
31.300000 -0.005926
31.400000 0.033974
31.500000 0.123036
31.600000 0.280268
31.700000 0.314700
31.800000 0.405388
31.900000 0.531955
32.000000 0.621427
32.100000 0.646169
32.200000 0.703328
32.300000 0.823870
32.400000 0.892759
32.500000 0.939176
32.600000 0.986150
32.700000 0.939176
32.800000 0.939912
32.900000 0.939912
33.000000 0.939912
33.100000 0.961329
33.200000 0.961329
33.300000 0.961329
33.400000 0.787766
33.500000 0.787766
33.600000 0.787766
33.700000 0.657121
33.800000 0.549083
33.900000 0.511155
34.000000 0.401724
34.100000 0.249951
34.200000 0.214682
34.300000 0.196869
34.400000 0.097487
34.500000 -0.101999
34.600000 -0.142468
34.700000 -0.280112
34.800000 -0.355825
34.900000 -0.358183
35.000000 -0.556262
35.100000 -0.656118
35.200000 -0.699183
35.300000 -0.786297
35.400000 -0.799019
35.500000 -0.859667
35.600000 -0.923657
35.700000 -1.034049
35.800000 -1.034049
35.900000 -1.034049
36.000000 -1.067432
36.100000 -1.067432
36.200000 -0.953320
36.300000 -0.953320
36.400000 -0.953320
36.500000 -0.961717
36.600000 -0.800804
36.700000 -0.732775
36.800000 -0.633538
36.900000 -0.626737
37.000000 -0.568646
37.100000 -0.543909
37.200000 -0.388600
37.300000 -0.247799
37.400000 -0.214672
37.500000 -0.098950
37.600000 0.010717
37.700000 0.010888
37.800000 0.269540
37.900000 0.326369
38.000000 0.420236
38.100000 0.560205
38.200000 0.575375
38.300000 0.807975
38.400000 0.813879
38.500000 0.813879
38.600000 0.851610
38.700000 0.931951
38.800000 0.873795
38.900000 0.915600
39.000000 0.915600
39.100000 0.927557
39.200000 0.979547
39.300000 0.979547
39.400000 0.973645
39.500000 0.846013
39.600000 0.846013
39.700000 0.828927
39.800000 0.707973
39.900000 0.694808
40.000000 0.627760
40.100000 0.627760
40.200000 0.484740
40.300000 0.414151
40.400000 0.356577
40.500000 0.278387
40.600000 0.120241
40.700000 0.020739
40.800000 -0.029307
40.900000 -0.098623
41.000000 -0.356400
41.100000 -0.431615
41.200000 -0.443317
41.300000 -0.580589
41.400000 -0.658411
41.500000 -0.687383
41.600000 -0.687383
41.700000 -0.792011
41.800000 -0.828787
41.900000 -0.926522
42.000000 -0.926522
42.100000 -0.991875
42.200000 -0.969934
42.300000 -0.969934
42.400000 -0.926087
42.500000 -0.926087
42.600000 -0.978672
42.700000 -0.978672
42.800000 -0.943038
42.900000 -0.921775
43.000000 -0.872200
43.100000 -0.784911
43.200000 -0.730578
43.300000 -0.649944
43.400000 -0.423816
43.500000 -0.323053
43.600000 -0.208563
43.700000 -0.091289
43.800000 -0.002204
43.900000 0.087702
44.000000 0.147431
44.100000 0.272385
44.200000 0.275987
44.300000 0.385662
44.400000 0.564885
44.500000 0.619164
44.600000 0.629577
44.700000 0.724208
44.800000 0.629577
44.900000 0.724208
45.000000 0.839097
45.100000 0.968307
45.200000 0.978142
45.300000 0.998591
45.400000 0.998591
45.500000 0.978900
45.600000 0.939673
45.700000 0.939673
45.800000 0.991788
45.900000 0.991788
46.000000 0.817952
46.100000 0.774137
46.200000 0.663794
46.300000 0.572304
46.400000 0.514197
46.500000 0.440252
46.600000 0.381309
46.700000 0.218257
46.800000 0.192024
46.900000 0.153573
47.000000 0.073888
47.100000 -0.086037
47.200000 -0.165201
47.300000 -0.282615
47.400000 -0.387305
47.500000 -0.488325
47.600000 -0.564766
47.700000 -0.615764
47.800000 -0.620509
47.900000 -0.708255
48.000000 -0.890118
48.100000 -0.928324
48.200000 -1.013117
48.300000 -1.021108
48.400000 -1.026893
48.500000 -1.021108
48.600000 -1.054460
48.700000 -1.018997
48.800000 -1.018997
48.900000 -0.868979
49.000000 -0.868979
49.100000 -0.868979
49.200000 -0.822324
49.300000 -0.781408
49.400000 -0.707439
49.500000 -0.575823
49.600000 -0.575823
49.700000 -0.538854
49.800000 0.000000
49.900000 0.000000
