0.000000 -0.070000
0.100000 0.139833
0.200000 0.288669
0.300000 0.255520
0.400000 0.329418
0.500000 0.439426
0.600000 0.524642
0.700000 0.614218
0.800000 0.767356
0.900000 0.703327
1.000000 0.741471
1.100000 0.841207
1.200000 0.832039
1.300000 0.873558
1.400000 1.055450
1.500000 1.027495
1.600000 0.919574
1.700000 0.891665
1.800000 0.943848
1.900000 0.856300
2.000000 0.919297
2.100000 0.773209
2.200000 0.848496
2.300000 0.645705
2.400000 0.705463
2.500000 0.598472
2.600000 0.475501
2.700000 0.407380
2.800000 0.304988
2.900000 0.249249
3.000000 0.051120
3.100000 0.101581
3.200000 -0.058374
3.300000 -0.227746
3.400000 -0.235541
3.500000 -0.310783
3.600000 -0.442520
3.700000 -0.619836
3.800000 -0.641858
3.900000 -0.777766
4.000000 -0.686802
4.100000 -0.788277
4.200000 -0.821576
4.300000 -0.896166
4.400000 -0.961602
4.500000 -0.927530
4.600000 -1.013691
4.700000 -0.909923
4.800000 -0.986165
4.900000 -1.062453
5.000000 -1.028924
5.100000 -0.845815
5.200000 -0.923455
5.300000 -0.832267
5.400000 -0.862764
5.500000 -0.615540
5.600000 -0.671267
5.700000 -0.550686
5.800000 -0.404602
5.900000 -0.333877
6.000000 -0.189415
6.100000 -0.092163
6.200000 -0.003089
6.300000 -0.083186
6.400000 0.146549
6.500000 0.145120
6.600000 0.331541
6.700000 0.424850
6.800000 0.404113
6.900000 0.648440
7.000000 0.686987
7.100000 0.688969
7.200000 0.763668
7.300000 0.920437
7.400000 0.868708
7.500000 1.008000
7.600000 1.037920
7.700000 0.988168
7.800000 0.988543
7.900000 0.958941
8.000000 0.929358
8.100000 1.059890
8.200000 0.930731
8.300000 0.912172
8.400000 0.934599
8.500000 0.768487
8.600000 0.754397
8.700000 0.602969
8.800000 0.564917
8.900000 0.521021
9.000000 0.472118
9.100000 0.349098
9.200000 0.132890
9.300000 0.074454
9.400000 0.014775
9.500000 -0.145151
9.600000 -0.214327
9.700000 -0.191761
9.800000 -0.346479
9.900000 -0.397536
