0.000000 0.079833
0.100000 0.208669
0.200000 0.215520
0.300000 0.299418
0.400000 0.479426
0.500000 0.584642
0.600000 0.627356
0.700000 0.644218
0.800000 0.773327
0.900000 0.811207
1.000000 0.921471
1.100000 0.963558
1.200000 1.002039
1.300000 0.963558
1.400000 0.989574
1.500000 0.989574
1.600000 1.023848
1.700000 1.023848
1.800000 0.976300
1.900000 0.873209
2.000000 0.859297
2.100000 0.765705
2.200000 0.708496
2.300000 0.605463
2.400000 0.595501
2.500000 0.508472
2.600000 0.394988
2.700000 0.347380
2.800000 0.329249
2.900000 0.111120
3.000000 0.011581
3.100000 -0.048374
3.200000 -0.237746
3.300000 -0.335541
3.400000 -0.450783
3.500000 -0.492520
3.600000 -0.609836
3.700000 -0.617766
3.800000 -0.681858
3.900000 -0.856802
4.000000 -0.856802
4.100000 -0.986166
4.200000 -0.986166
4.300000 -1.011602
4.400000 -1.011602
4.500000 -0.919923
4.600000 -0.919923
4.700000 -0.919923
4.800000 -0.966165
4.900000 -0.985815
5.000000 -0.985815
5.100000 -0.883455
5.200000 -0.872764
5.300000 -0.862267
5.400000 -0.765540
5.500000 -0.661267
5.600000 -0.490686
5.700000 -0.454602
5.800000 -0.353877
5.900000 -0.262163
6.000000 -0.249415
6.100000 -0.262163
6.200000 -0.083089
6.300000 0.186549
6.400000 0.261541
6.500000 0.295120
6.600000 0.314850
6.700000 0.528440
6.800000 0.554113
6.900000 0.586987
7.000000 0.688969
7.100000 0.770437
7.200000 0.793668
7.300000 0.958708
7.400000 1.007920
7.500000 1.018000
7.600000 1.048168
7.700000 1.048168
7.800000 0.938941
7.900000 0.889358
8.000000 0.850731
8.100000 0.850731
8.200000 0.850731
8.300000 0.794599
8.400000 0.794599
8.500000 0.778487
8.600000 0.592969
8.700000 0.524917
8.800000 0.482118
8.900000 0.481021
9.000000 0.389098
9.100000 0.214454
9.200000 0.172890
9.300000 0.024775
9.400000 -0.105151
9.500000 -0.244327
9.600000 -0.331761
9.700000 -0.426479
9.800000 -0.484021
9.900000 -0.517536
10.000000 -0.619875
10.100000 -0.675071
10.200000 -0.837826
10.300000 -0.847686
10.400000 -0.852775
10.500000 -0.936635
10.600000 -0.936635
10.700000 -1.030936
10.800000 -1.030936
10.900000 -1.054553
11.000000 -0.999178
11.100000 -0.999178
11.200000 -0.904019
11.300000 -0.904019
11.400000 -0.955452
11.500000 -0.955452
11.600000 -0.763525
11.700000 -0.701984
11.800000 -0.568137
11.900000 -0.506573
12.000000 -0.389647
12.100000 -0.318229
12.200000 -0.253232
12.300000 -0.085604
12.400000 -0.066322
12.500000 0.033623
12.600000 0.113232
12.700000 0.141510
12.800000 0.397474
12.900000 0.418661
13.000000 0.492074
13.100000 0.492074
13.200000 0.700376
13.300000 0.729570
13.400000 0.863784
13.500000 0.863784
13.600000 0.913696
13.700000 0.913696
13.800000 0.970607
13.900000 0.970607
14.000000 0.970607
14.100000 1.076772
14.200000 1.076772
14.300000 0.985658
14.400000 0.864895
14.500000 0.834791
14.600000 0.834791
14.700000 0.745747
14.800000 0.740288
14.900000 0.682881
15.000000 0.611197
15.100000 0.406399
15.200000 0.346741
15.300000 0.243118
15.400000 0.226467
15.500000 0.087754
15.600000 0.067963
15.700000 -0.091907
15.800000 -0.290859
15.900000 -0.357903
16.000000 -0.402071
16.100000 -0.452422
16.200000 -0.498052
16.300000 -0.688107
16.400000 -0.688352
16.500000 -0.721785
16.600000 -0.817142
16.700000 -0.899124
16.800000 -0.901397
16.900000 -0.901397
17.000000 -0.936900
17.100000 -0.989774
17.200000 -0.936900
17.300000 -0.989774
17.400000 -1.005626
17.500000 -1.005626
17.600000 -1.002582
17.700000 -0.897202
17.800000 -0.790987
17.900000 -0.743157
18.000000 -0.681314
18.100000 -0.584833
18.200000 -0.542309
18.300000 -0.494566
18.400000 -0.402481
18.500000 -0.296974
18.600000 -0.139536
18.700000 -0.138999
18.800000 0.070423
18.900000 0.189877
19.000000 0.263315
19.100000 0.287834
19.200000 0.425365
19.300000 0.453066
19.400000 0.565540
19.500000 0.701573
19.600000 0.711964
19.700000 0.823674
19.800000 0.842945
19.900000 0.867644
20.000000 0.935821
20.100000 1.039125
20.200000 0.935821
20.300000 1.036830
20.400000 1.036830
20.500000 1.036830
20.600000 1.001153
20.700000 0.968795
20.800000 0.877158
20.900000 0.827794
21.000000 0.736656
21.100000 0.661161
21.200000 0.587423
21.300000 0.457315
21.400000 0.441639
21.500000 0.381250
21.600000 0.247053
21.700000 0.129987
21.800000 0.031022
21.900000 -0.038851
22.000000 -0.188637
22.100000 -0.277336
22.200000 -0.303965
22.300000 -0.447556
22.400000 -0.467175
22.500000 -0.551926
22.600000 -0.643495
22.700000 -0.730962
22.800000 -0.826220
22.900000 -0.868798
23.000000 -0.925187
23.100000 -0.945888
23.200000 -0.965210
23.300000 -0.945888
23.400000 -0.949276
23.500000 -0.949276
23.600000 -0.980486
23.700000 -0.980486
23.800000 -0.883401
23.900000 -0.815578
24.000000 -0.815578
24.100000 -0.768707
24.200000 -0.679779
24.300000 -0.601358
24.400000 -0.557897
24.500000 -0.557897
24.600000 -0.509361
24.700000 -0.310646
24.800000 -0.266635
24.900000 -0.172352
25.000000 -0.012735
25.100000 0.017208
25.200000 0.206480
25.300000 0.284089
25.400000 0.299058
25.500000 0.430441
25.600000 0.497322
25.700000 0.558835
25.800000 0.594165
25.900000 0.783333
26.000000 0.852558
26.100000 0.905881
26.200000 0.919678
26.300000 0.919678
26.400000 0.964645
26.500000 0.964645
26.600000 0.964645
26.700000 0.910763
26.800000 0.895351
26.900000 0.910763
27.000000 0.932433
27.100000 0.932433
27.200000 0.807328
27.300000 0.667116
27.400000 0.639240
27.500000 0.634377
27.600000 0.536746
27.700000 0.443276
27.800000 0.395653
27.900000 0.310906
28.000000 0.193452
28.100000 0.104265
28.200000 -0.025663
28.300000 -0.115336
28.400000 -0.233756
28.500000 -0.329940
28.600000 -0.382928
28.700000 -0.382928
28.800000 -0.411789
28.900000 -0.675000
29.000000 -0.713634
29.100000 -0.835060
29.200000 -0.849021
29.300000 -0.891031
29.400000 -0.902555
29.500000 -0.959487
29.600000 -0.998982
29.700000 -0.978495
29.800000 -0.978495
29.900000 0.000000
