V 54
K 1
D 0 -762000 3048000 0
Y 1
U 2667000 762000 254000 0 2 3 REFDES=IC?
U 2667000 508000 254000 0 2 3 DEVICE=BME688
U 2667000 254000 254000 0 2 0 PKG_TYPE=BME688
U 2667000 0 254000 0 2 0 Description=Gas sensor measuring relative humidity, barometric pressure, ambient temperature and gas (VOC)
U 2667000 -254000 254000 0 2 0 Datasheet Link=https://www.bosch-sensortec.com/media/boschsensortec/downloads/datasheets/bst-bme688-ds000.pdf
U 2667000 -508000 254000 0 2 0 Height=1
U 2667000 -762000 254000 0 2 0 Manufacturer_Name=BOSCH
U 2667000 -1016000 254000 0 2 0 Manufacturer_Part_Number=BME688
U 2667000 -1270000 254000 0 2 0 Mouser Part Number=262-BME688
U 2667000 -1524000 254000 0 2 0 Mouser Price/Stock=https://www.mouser.co.uk/ProductDetail/Bosch-Sensortec/BME688?qs=IS%252B4QmGtzzqQoVDscqwx3A%3D%3D
U 2667000 -1778000 254000 0 2 0 Arrow Part Number=BME688
U 2667000 -2032000 254000 0 2 0 Arrow Price/Stock=https://www.arrow.com/en/products/bme688/bosch-sensortec?utm_currency=USD&region=nac
U 0 0 254000 0 1 0 FORWARD_PCB=1
l 5 508000 254000 2540000 254000 2540000 -1016000 508000 -1016000 508000 254000
|GRPHSTL -1 -1 -1 1
P 1 3048000 0 2540000 0 0 3 0
L 2463800 0 228600 0 8 0 1 0 GND_1
A 2692400 50800 203200 0 3 3 #=1
A 0 0 9 0 3 0 PINTYPE=BI
P 2 3048000 -254000 2540000 -254000 0 3 0
L 2463800 -254000 228600 0 8 0 1 0 CSB
A 2692400 -203200 203200 0 3 3 #=2
A 0 0 9 0 3 0 PINTYPE=BI
P 3 3048000 -508000 2540000 -508000 0 3 0
L 2463800 -508000 228600 0 8 0 1 0 SDI
A 2692400 -457200 203200 0 3 3 #=3
A 0 0 9 0 3 0 PINTYPE=BI
P 4 3048000 -762000 2540000 -762000 0 3 0
L 2463800 -762000 228600 0 8 0 1 0 SCK
A 2692400 -711200 203200 0 3 3 #=4
A 0 0 9 0 3 0 PINTYPE=BI
P 5 0 -762000 508000 -762000 0 2 0
L 584200 -762000 228600 0 2 0 1 0 SDO
A 355600 -711200 203200 0 9 3 #=5
A 0 0 9 0 3 0 PINTYPE=BI
P 6 0 -508000 508000 -508000 0 2 0
L 584200 -508000 228600 0 2 0 1 0 VDDIO
A 355600 -457200 203200 0 9 3 #=6
A 0 0 9 0 3 0 PINTYPE=BI
P 7 0 -254000 508000 -254000 0 2 0
L 584200 -254000 228600 0 2 0 1 0 GND_2
A 355600 -203200 203200 0 9 3 #=7
A 0 0 9 0 3 0 PINTYPE=BI
P 8 0 0 508000 0 0 2 0
L 584200 0 228600 0 2 0 1 0 VDD
A 355600 50800 203200 0 9 3 #=8
A 0 0 9 0 3 0 PINTYPE=BI
E
