$ 1 0.000005 66.51416330443618 50 5 43 5e-11
164 80 128 112 128 0 7 0 0 0 0 0 0 0 false 0
R 80 128 64 128 1 2 100 2.5 2.5 0 0.5
207 176 128 208 128 4 LRCK_I2S
207 176 320 208 320 4 SCLK_I2S
403 272 176 576 240 0 2_512_0_4099_5_0.003125_-1_2_2_3
403 272 112 576 176 0 3_512_0_4099_5_0.00009765625_-1_2_3_3
207 144 400 112 400 4 LRCK_I2S
r 144 432 208 432 0 3000
w 144 432 144 400 0
154 240 416 336 416 0 2 0 5
c 208 432 208 496 4 0.000009999999999999999 0.001 0.001 0
g 208 496 208 512 0 0
w 208 432 240 432 0
w 144 400 240 400 0
207 336 416 368 416 4 RST_CT2
403 272 240 576 304 0 14_512_0_4099_5_0.00009765625_-1_2_14_3
x 611 133 673 136 4 24 SCLK
x 610 206 674 209 4 24 LRCK
x 611 273 717 276 4 24 RST_CT2
207 144 560 112 560 4 SCLK_I2S
207 144 592 112 592 4 RST_CT2
I 144 560 208 560 0 0.5 5
I 144 592 208 592 0 0.5 5
r 208 592 272 592 0 330
c 272 592 272 656 4 1e-9 0.001 0.001 0
g 272 656 272 672 0 0
152 304 576 384 576 0 2 0 5
w 304 592 272 592 0
w 208 560 304 560 0
207 384 576 416 576 4 LOAD_REG
x 610 342 740 345 4 24 LOAD_REG
403 272 304 576 368 0 29_512_0_4099_5_0.00009765625_-1_2_29_3
186 1872 112 1984 112 2 8 0
189 1024 112 1136 112 0 8 0
189 1024 368 1136 368 0 8 0
189 1024 624 1136 624 0 8 0
189 1024 880 1136 880 0 8 0
186 1872 368 1984 368 2 8 0
186 1872 624 1984 624 2 8 0
186 1872 880 1984 880 2 8 0
155 1568 0 1680 0 14 0
155 1568 512 1680 512 14 0
207 1024 176 992 176 4 SCLK_I2S
207 1024 432 992 432 4 SCLK_I2S
207 1024 688 992 688 4 SCLK_I2S
207 1024 944 992 944 4 SCLK_I2S
188 832 112 848 112 10 32 -1403365161
207 832 112 800 112 4 SCLK_I2S
w 928 144 1024 144 0
207 1312 80 1312 32 4 SER1_OUT
207 1568 32 1536 32 4 LOAD_REG
207 1568 544 1536 544 4 LOAD_REG
207 1024 400 992 400 4 SER1_OUT
207 1024 656 992 656 4 SER2_OUT
207 1312 336 1312 288 4 SER2_OUT
207 1312 592 1312 544 4 SER3_OUT
207 1024 912 992 912 4 SER3_OUT
207 1312 848 1312 800 4 SER4_OUT
207 1568 512 1536 512 4 SER4_OUT
207 1568 0 1536 0 4 SER2_OUT
w 1664 0 1744 0 0
w 1744 0 1744 112 0
w 1744 112 1872 112 0
w 1664 512 1744 512 0
w 1744 512 1744 624 0
w 1744 624 1872 624 0
207 1872 656 1840 656 4 LOAD_REG
207 1872 144 1840 144 4 LOAD_REG
207 1872 176 1840 176 4 SCLK_I2S
207 1872 688 1840 688 4 SCLK_I2S
207 1872 432 1840 432 4 SCLK_I2S
207 1872 944 1840 944 4 SCLK_I2S
207 1872 912 1840 912 4 LOAD_REG
207 1872 400 1840 400 4 LOAD_REG
207 2224 144 2256 144 4 PAR1_OUT
207 1872 368 1840 368 4 PAR1_OUT
207 2224 400 2256 400 4 I2S2_OUT
207 2224 912 2256 912 4 I2S1_OUT
207 2224 656 2256 656 4 PAR2_OUT
207 1872 880 1840 880 4 PAR2_OUT
207 1088 80 1088 48 4 SER1_Q0
207 1120 80 1120 32 4 SER1_Q1
207 1184 80 1184 32 4 SER1_Q3
207 1152 80 1152 48 4 SER1_Q2
207 1248 80 1248 32 4 SER1_Q5
207 1216 80 1216 48 4 SER1_Q4
207 1280 80 1280 48 4 SER1_Q6
207 2128 80 2128 48 4 SER1_Q6
207 2064 80 2064 48 4 SER1_Q4
207 2096 80 2096 32 4 SER1_Q5
207 2000 80 2000 48 4 SER1_Q2
207 2032 80 2032 32 4 SER1_Q3
207 1968 80 1968 32 4 SER1_Q1
207 1936 80 1936 48 4 SER1_Q0
207 2160 80 2160 32 4 SER1_OUT
207 1280 336 1280 304 4 SER2_Q6
207 1216 336 1216 304 4 SER2_Q4
207 1248 336 1248 288 4 SER2_Q5
207 1152 336 1152 304 4 SER2_Q2
207 1184 336 1184 288 4 SER2_Q3
207 1120 336 1120 288 4 SER2_Q1
207 1088 336 1088 304 4 SER2_Q0
207 1936 336 1936 304 4 SER2_Q0
207 1968 336 1968 288 4 SER2_Q1
207 2032 336 2032 288 4 SER2_Q3
207 2000 336 2000 304 4 SER2_Q2
207 2096 336 2096 288 4 SER2_Q5
207 2064 336 2064 304 4 SER2_Q4
207 2128 336 2128 304 4 SER2_Q6
207 2160 336 2160 288 4 SER2_OUT
207 1088 592 1088 560 4 SER3_Q0
207 1120 592 1120 544 4 SER3_Q1
207 1184 592 1184 544 4 SER3_Q3
207 1152 592 1152 560 4 SER3_Q2
207 1248 592 1248 544 4 SER3_Q5
207 1216 592 1216 560 4 SER3_Q4
207 1280 592 1280 560 4 SER3_Q6
207 1088 848 1088 816 4 SER4_Q0
207 1120 848 1120 800 4 SER4_Q1
207 1184 848 1184 800 4 SER4_Q3
207 1152 848 1152 816 4 SER4_Q2
207 1248 848 1248 800 4 SER4_Q5
207 1216 848 1216 816 4 SER4_Q4
207 1280 848 1280 816 4 SER4_Q6
207 2128 592 2128 560 4 SER3_Q6
207 2064 592 2064 560 4 SER3_Q4
207 2096 592 2096 544 4 SER3_Q5
207 2000 592 2000 560 4 SER3_Q2
207 2032 592 2032 544 4 SER3_Q3
207 1968 592 1968 544 4 SER3_Q1
207 1936 592 1936 560 4 SER3_Q0
207 2160 592 2160 544 4 SER3_OUT
207 2128 848 2128 816 4 SER4_Q6
207 2064 848 2064 816 4 SER4_Q4
207 2096 848 2096 800 4 SER4_Q5
207 2000 848 2000 816 4 SER4_Q2
207 2032 848 2032 800 4 SER4_Q3
207 1968 848 1968 800 4 SER4_Q1
207 1936 848 1936 816 4 SER4_Q0
207 2160 848 2160 800 4 SER4_OUT
x 934 132 1024 135 4 24 PCM_IN
x 2231 373 2351 376 4 24 I2S\h2\sOUT
x 2226 885 2346 888 4 24 I2S\h1\sOUT
403 1216 -224 2304 -144 0 48_256_0_4099_5_0.00009765625_-1_2_48_3
403 1632 128 1760 192 0 67_256_0_4099_5_0.00009765625_-1_2_67_3
403 1632 384 1760 448 0 73_256_0_4099_5_0.00009765625_-1_2_73_3
403 1632 640 1760 704 0 66_256_0_4099_5_0.00009765625_-1_2_66_3
403 1632 896 1760 960 0 72_256_0_4099_5_0.00009765625_-1_2_72_3
w 1664 608 1664 576 0
w 1568 608 1664 608 0
w 1568 576 1568 608 0
L 1568 576 1536 576 0 1 false 5 0
x 2345 -45 2407 -42 4 24 I2S\h1
x 2344 -112 2406 -109 4 24 I2S\h2
x 2345 -185 2398 -182 4 24 PCM
403 1216 -160 2304 -80 0 76_256_0_4099_5_0.00009765625_-1_2_76_3
403 1216 -80 2304 -16 0 77_256_0_4099_5_0.00009765625_-1_2_77_3
403 1216 -288 2304 -224 0 2_256_0_4099_5_0.003125_-1_2_2_3
403 1216 -352 2304 -288 0 3_256_0_4099_5_0.00009765625_-1_2_3_3
x 2344 -251 2408 -248 4 24 LRCK
x 2345 -313 2407 -310 4 24 SCLK
L 1568 64 1536 64 0 1 false 5 0
w 1568 64 1568 96 0
w 1568 96 1664 96 0
w 1664 96 1664 64 0
